# Phase bin edges.
# Unit = 0 is inferior conjuction (primary transit),
#        0.5 is superior conjuction (secondary eclipse)
# Format = K x 3 array, where
#    Column 1 ~ n_phi identifier
#    Column 2 ~ lower edge
#    Column 3 ~ upper edge
1.000000000000000000e+00 -5.991118779327827548e-01 -5.740559389663913992e-01
2.000000000000000000e+00 -5.740559389663913992e-01 -5.490000000000000435e-01
3.000000000000000000e+00 -4.510000000000000120e-01 -4.259440610336087119e-01
4.000000000000000000e+00 -4.259440610336087119e-01 -4.008881220672174117e-01
5.000000000000000000e+00 -4.008881220672174117e-01 -3.758321831008261116e-01
6.000000000000000000e+00 -3.758321831008261116e-01 -3.507762441344348114e-01
7.000000000000000000e+00 -3.507762441344348114e-01 -3.257203051680435113e-01
8.000000000000000000e+00 -3.257203051680435113e-01 -3.006643662016522112e-01
9.000000000000000000e+00 -3.006643662016522112e-01 -2.756084272352609110e-01
1.000000000000000000e+01 -2.756084272352609110e-01 -2.505524882688696109e-01
1.100000000000000000e+01 -2.505524882688696109e-01 -2.254965493024783108e-01
1.200000000000000000e+01 -2.254965493024783108e-01 -2.004406103360870106e-01
1.300000000000000000e+01 -2.004406103360870106e-01 -1.753846713696957105e-01
1.400000000000000000e+01 -1.753846713696957105e-01 -1.503287324033044103e-01
1.500000000000000000e+01 -1.503287324033044103e-01 -1.252727934369131102e-01
1.600000000000000000e+01 -1.252727934369131102e-01 -1.002168544705218101e-01
1.700000000000000000e+01 -1.002168544705218101e-01 -7.516091550413050992e-02
1.800000000000000000e+01 -7.516091550413050992e-02 -5.010497653773920979e-02
1.900000000000000000e+01 5.010497653773920979e-02 7.516091550413050992e-02
2.000000000000000000e+01 7.516091550413050992e-02 1.002168544705218101e-01
2.100000000000000000e+01 1.002168544705218101e-01 1.252727934369131102e-01
2.200000000000000000e+01 1.252727934369131102e-01 1.503287324033044103e-01
2.300000000000000000e+01 1.503287324033044103e-01 1.753846713696957105e-01
2.400000000000000000e+01 1.753846713696957105e-01 2.004406103360870106e-01
2.500000000000000000e+01 2.004406103360870106e-01 2.254965493024783108e-01
2.600000000000000000e+01 2.254965493024783108e-01 2.505524882688696109e-01
2.700000000000000000e+01 2.505524882688696109e-01 2.756084272352609110e-01
2.800000000000000000e+01 2.756084272352609110e-01 3.006643662016522112e-01
2.900000000000000000e+01 3.006643662016522112e-01 3.257203051680435113e-01
3.000000000000000000e+01 3.257203051680435113e-01 3.507762441344348114e-01
3.100000000000000000e+01 3.507762441344348114e-01 3.758321831008261116e-01
3.200000000000000000e+01 3.758321831008261116e-01 4.008881220672174117e-01
3.300000000000000000e+01 4.008881220672174117e-01 4.259440610336087119e-01
3.400000000000000000e+01 4.259440610336087119e-01 4.510000000000000120e-01
3.500000000000000000e+01 5.490000000000000435e-01 5.740559389663913992e-01
3.600000000000000000e+01 5.740559389663913992e-01 5.991118779327827548e-01
