# Wavelength channel edges.
# Unit = micron
# Format = M x 2 array, where
#    Column 1 ~ lower edge
#    Column 2 ~ upper edge
2.725068236862940640e+00 2.731868419235937928e+00
2.731868419235937928e+00 2.738668235832389719e+00
2.738668235832389719e+00 2.745467684880980030e+00
2.745467684880980030e+00 2.752266764610396876e+00
2.752266764610396876e+00 2.759065473249323830e+00
2.759065473249323830e+00 2.765863809026448017e+00
2.765863809026448017e+00 2.772661770170454787e+00
2.772661770170454787e+00 2.779459354910029045e+00
2.779459354910029045e+00 2.786256561473857474e+00
2.786256561473857474e+00 2.793053388090624534e+00
2.793053388090624534e+00 2.799849832989017795e+00
2.799849832989017795e+00 2.806645894397720831e+00
2.806645894397720831e+00 2.813441570545420767e+00
2.813441570545420767e+00 2.820236859660802509e+00
2.820236859660802509e+00 2.827031759972552738e+00
2.827031759972552738e+00 2.833826269709355472e+00
2.833826269709355472e+00 2.840620387099897837e+00
2.840620387099897837e+00 2.847414110372865181e+00
2.847414110372865181e+00 2.854207437756942856e+00
2.854207437756942856e+00 2.861000367480817097e+00
2.861000367480817097e+00 2.867792897773172367e+00
2.867792897773172367e+00 2.874585026862696235e+00
2.874585026862696235e+00 2.881376752978072719e+00
2.881376752978072719e+00 2.888168074347988501e+00
2.888168074347988501e+00 2.894958989201128041e+00
2.894958989201128041e+00 2.901749495766178466e+00
2.901749495766178466e+00 2.908539592271824681e+00
2.908539592271824681e+00 2.915329276946752923e+00
2.915329276946752923e+00 2.922118548019647655e+00
2.922118548019647655e+00 2.928907403719196001e+00
2.928907403719196001e+00 2.935695842274083311e+00
2.935695842274083311e+00 2.942483861912994048e+00
2.942483861912994048e+00 2.949271460864615779e+00
2.949271460864615779e+00 2.956058637357632080e+00
2.956058637357632080e+00 2.962845389620730963e+00
2.962845389620730963e+00 2.969631715882596446e+00
2.969631715882596446e+00 2.976417614371914766e+00
2.976417614371914766e+00 2.983203083317371274e+00
2.983203083317371274e+00 2.989988120947651762e+00
2.989988120947651762e+00 2.996772725491442024e+00
2.996772725491442024e+00 3.003556895177427855e+00
3.003556895177427855e+00 3.010340628234295490e+00
3.010340628234295490e+00 3.017123922890728505e+00
3.017123922890728505e+00 3.023906777375415356e+00
3.023906777375415356e+00 3.030689189917040061e+00
3.030689189917040061e+00 3.037471158744288413e+00
3.037471158744288413e+00 3.044252682085846651e+00
3.044252682085846651e+00 3.051033758170399235e+00
3.051033758170399235e+00 3.057814385226633291e+00
3.057814385226633291e+00 3.064594561483233726e+00
3.064594561483233726e+00 3.071374285168886775e+00
3.071374285168886775e+00 3.078153554512277346e+00
3.078153554512277346e+00 3.084932367742092119e+00
3.084932367742092119e+00 3.091710723087016000e+00
3.091710723087016000e+00 3.098488618775734338e+00
3.098488618775734338e+00 3.105266053036933371e+00
3.105266053036933371e+00 3.112043024099298894e+00
3.112043024099298894e+00 3.118819530191516698e+00
3.118819530191516698e+00 3.125595569542272134e+00
3.125595569542272134e+00 3.132371140380250552e+00
3.132371140380250552e+00 3.139146240934138188e+00
3.139146240934138188e+00 3.145920869432620837e+00
3.145920869432620837e+00 3.152695024104383847e+00
3.152695024104383847e+00 3.159468703178112570e+00
3.159468703178112570e+00 3.166241904882492797e+00
3.166241904882492797e+00 3.173014627446211211e+00
3.173014627446211211e+00 3.179786869097952717e+00
3.179786869097952717e+00 3.186558628066402665e+00
3.186558628066402665e+00 3.193329902580247737e+00
3.193329902580247737e+00 3.200100690868171949e+00
3.200100690868171949e+00 3.206870991158862427e+00
3.206870991158862427e+00 3.213640801681004078e+00
3.213640801681004078e+00 3.220410120663284026e+00
3.220410120663284026e+00 3.227178946334385401e+00
3.227178946334385401e+00 3.233947276922996217e+00
3.233947276922996217e+00 3.240715110657801823e+00
3.240715110657801823e+00 3.247482445767486237e+00
3.247482445767486237e+00 3.254249280480737028e+00
3.254249280480737028e+00 3.261015613026237769e+00
3.261015613026237769e+00 3.267781441632676920e+00
3.267781441632676920e+00 3.274546764528738052e+00
3.274546764528738052e+00 3.281311579943107848e+00
3.281311579943107848e+00 3.288075886104470769e+00
3.288075886104470769e+00 3.294839681241514384e+00
3.294839681241514384e+00 3.301602963582922712e+00
3.301602963582922712e+00 3.308365731357382433e+00
3.308365731357382433e+00 3.315127982793578898e+00
3.315127982793578898e+00 3.321889716120197455e+00
3.321889716120197455e+00 3.328650929565924343e+00
3.328650929565924343e+00 3.335411621359445355e+00
3.335411621359445355e+00 3.342171789729444509e+00
3.342171789729444509e+00 3.348931432904609373e+00
3.348931432904609373e+00 3.355690549113625298e+00
3.355690549113625298e+00 3.362449136585177634e+00
3.362449136585177634e+00 3.369207193547952173e+00
3.369207193547952173e+00 3.375964718230633821e+00
3.375964718230633821e+00 3.382721708861910148e+00
3.382721708861910148e+00 3.389478163670465172e+00
3.389478163670465172e+00 3.396234080884984685e+00
3.396234080884984685e+00 3.402989458734154926e+00
3.402989458734154926e+00 3.409744295446661688e+00
3.409744295446661688e+00 3.416498589251189877e+00
3.416498589251189877e+00 3.423252338376426174e+00
3.423252338376426174e+00 3.430005541051054596e+00
3.430005541051054596e+00 3.436758195503762714e+00
3.436758195503762714e+00 3.443510299963235877e+00
3.443510299963235877e+00 3.450261852658158546e+00
3.450261852658158546e+00 3.457012851817218291e+00
3.457012851817218291e+00 3.463763295669098685e+00
3.463763295669098685e+00 3.470513182442486411e+00
3.470513182442486411e+00 3.477262510366067705e+00
3.477262510366067705e+00 3.484011277668527029e+00
3.484011277668527029e+00 3.490759482578551509e+00
3.490759482578551509e+00 3.497507123324825606e+00
3.497507123324825606e+00 3.504254198136035114e+00
3.504254198136035114e+00 3.511000705240866715e+00
3.511000705240866715e+00 3.517746642868004869e+00
3.517746642868004869e+00 3.524492009246136259e+00
3.524492009246136259e+00 3.531236802603945790e+00
3.531236802603945790e+00 3.537981021170119256e+00
3.537981021170119256e+00 3.544724663173342449e+00
3.544724663173342449e+00 3.551467726842301165e+00
3.551467726842301165e+00 3.558210210405681195e+00
3.558210210405681195e+00 3.564952112092168335e+00
3.564952112092168335e+00 3.571693430130447489e+00
3.571693430130447489e+00 3.578434162749205782e+00
3.578434162749205782e+00 3.585174308177127678e+00
3.585174308177127678e+00 3.591913864642898524e+00
3.591913864642898524e+00 3.598652830375204559e+00
3.598652830375204559e+00 3.605391203602732020e+00
3.605391203602732020e+00 3.612128982554165813e+00
3.612128982554165813e+00 3.618866165458191730e+00
3.618866165458191730e+00 3.625602750543495567e+00
3.625602750543495567e+00 3.632338736038763116e+00
3.632338736038763116e+00 3.639074120172680615e+00
3.639074120172680615e+00 3.645808901173932526e+00
3.645808901173932526e+00 3.652543077271205085e+00
3.652543077271205085e+00 3.659276646693184087e+00
3.659276646693184087e+00 3.666009607668555326e+00
3.666009607668555326e+00 3.672741958426003706e+00
3.672741958426003706e+00 3.679473697194215909e+00
3.679473697194215909e+00 3.686204822201877285e+00
3.686204822201877285e+00 3.692935331677673183e+00
3.692935331677673183e+00 3.699665223850289841e+00
3.699665223850289841e+00 3.706394496948411721e+00
3.706394496948411721e+00 3.713123149200725948e+00
3.823491334915161133e+00 3.830208301544189453e+00
3.830208301544189453e+00 3.836924552917480469e+00
3.836924552917480469e+00 3.843640089035034180e+00
3.843640089035034180e+00 3.850355148315429688e+00
3.850355148315429688e+00 3.857069492340087891e+00
3.857069492340087891e+00 3.863783359527587891e+00
3.863783359527587891e+00 3.870496511459350586e+00
3.870496511459350586e+00 3.877209186553955078e+00
3.877209186553955078e+00 3.883921146392822266e+00
3.883921146392822266e+00 3.890632152557373047e+00
3.890632152557373047e+00 3.897342681884765625e+00
3.897342681884765625e+00 3.904052734375000000e+00
3.904052734375000000e+00 3.910762310028076172e+00
3.910762310028076172e+00 3.917470932006835938e+00
3.917470932006835938e+00 3.924179077148437500e+00
3.924179077148437500e+00 3.930886268615722656e+00
3.930886268615722656e+00 3.937592983245849609e+00
3.937592983245849609e+00 3.944299221038818359e+00
3.944299221038818359e+00 3.950973510742187500e+00
3.950973510742187500e+00 3.957678318023681641e+00
3.957678318023681641e+00 3.964382410049438477e+00
3.964382410049438477e+00 3.971086025238037109e+00
3.971086025238037109e+00 3.977788925170898438e+00
3.977788925170898438e+00 3.984491109848022461e+00
3.984491109848022461e+00 3.991192579269409180e+00
3.991192579269409180e+00 3.997893571853637695e+00
3.997893571853637695e+00 4.004593849182128906e+00
4.004593849182128906e+00 4.011293411254882812e+00
4.011293411254882812e+00 4.017992019653320312e+00
4.017992019653320312e+00 4.024690151214599609e+00
4.024690151214599609e+00 4.031387805938720703e+00
4.031387805938720703e+00 4.038084983825683594e+00
4.038084983825683594e+00 4.044781208038330078e+00
4.044781208038330078e+00 4.051476478576660156e+00
4.051476478576660156e+00 4.058171272277832031e+00
4.058171272277832031e+00 4.064865589141845703e+00
4.064865589141845703e+00 4.071558952331542969e+00
4.071558952331542969e+00 4.078251838684082031e+00
4.078251838684082031e+00 4.084943771362304688e+00
4.084943771362304688e+00 4.091635227203369141e+00
4.091635227203369141e+00 4.098326206207275391e+00
4.098326206207275391e+00 4.105016231536865234e+00
4.105016231536865234e+00 4.111705780029296875e+00
4.111705780029296875e+00 4.118394374847412109e+00
4.118394374847412109e+00 4.125051021575927734e+00
4.125051021575927734e+00 4.131738185882568359e+00
4.131738185882568359e+00 4.138424873352050781e+00
4.138424873352050781e+00 4.145110607147216797e+00
4.145110607147216797e+00 4.151795864105224609e+00
4.151795864105224609e+00 4.158448696136474609e+00
4.158448696136474609e+00 4.165132522583007812e+00
4.165132522583007812e+00 4.171815395355224609e+00
4.171815395355224609e+00 4.178497791290283203e+00
4.178497791290283203e+00 4.185179710388183594e+00
4.185179710388183594e+00 4.191860198974609375e+00
4.191860198974609375e+00 4.198540687561035156e+00
4.198540687561035156e+00 4.205220222473144531e+00
4.205220222473144531e+00 4.211898803710937500e+00
4.211898803710937500e+00 4.218576908111572266e+00
4.218576908111572266e+00 4.225254058837890625e+00
4.225254058837890625e+00 4.231930732727050781e+00
4.231930732727050781e+00 4.238606452941894531e+00
4.238606452941894531e+00 4.245281696319580078e+00
4.245281696319580078e+00 4.251955986022949219e+00
4.251955986022949219e+00 4.258598327636718750e+00
4.258598327636718750e+00 4.265271186828613281e+00
4.265271186828613281e+00 4.271943092346191406e+00
4.271943092346191406e+00 4.278614997863769531e+00
4.278614997863769531e+00 4.285253524780273438e+00
4.285253524780273438e+00 4.291923522949218750e+00
4.291923522949218750e+00 4.298593044281005859e+00
4.298593044281005859e+00 4.305261135101318359e+00
4.305261135101318359e+00 4.311929225921630859e+00
4.311929225921630859e+00 4.318595886230468750e+00
4.318595886230468750e+00 4.325262069702148438e+00
4.325262069702148438e+00 4.331927776336669922e+00
4.331927776336669922e+00 4.338592052459716797e+00
4.338592052459716797e+00 4.345256328582763672e+00
4.345256328582763672e+00 4.351919174194335938e+00
4.351919174194335938e+00 4.358581542968750000e+00
4.358581542968750000e+00 4.365211486816406250e+00
4.365211486816406250e+00 4.371871948242187500e+00
4.371871948242187500e+00 4.378532409667968750e+00
4.378532409667968750e+00 4.385159969329833984e+00
4.385159969329833984e+00 4.391818046569824219e+00
4.391818046569824219e+00 4.398476123809814453e+00
4.398476123809814453e+00 4.405132770538330078e+00
4.405132770538330078e+00 4.411788940429687500e+00
4.411788940429687500e+00 4.418444156646728516e+00
4.418444156646728516e+00 4.425098896026611328e+00
4.425098896026611328e+00 4.431752681732177734e+00
4.431752681732177734e+00 4.438405513763427734e+00
4.438405513763427734e+00 4.445057868957519531e+00
4.445057868957519531e+00 4.451709270477294922e+00
4.451709270477294922e+00 4.458327770233154297e+00
4.458327770233154297e+00 4.464977264404296875e+00
4.464977264404296875e+00 4.471594333648681641e+00
4.471594333648681641e+00 4.478242397308349609e+00
4.478242397308349609e+00 4.484889984130859375e+00
4.484889984130859375e+00 4.491536617279052734e+00
4.491536617279052734e+00 4.498181819915771484e+00
4.498181819915771484e+00 4.504827022552490234e+00
4.504827022552490234e+00 4.511470794677734375e+00
4.511470794677734375e+00 4.518114089965820312e+00
4.518114089965820312e+00 4.524756431579589844e+00
4.524756431579589844e+00 4.531365871429443359e+00
4.531365871429443359e+00 4.538006782531738281e+00
4.538006782531738281e+00 4.544614315032958984e+00
4.544614315032958984e+00 4.551253318786621094e+00
4.551253318786621094e+00 4.557891845703125000e+00
4.557891845703125000e+00 4.564528942108154297e+00
4.564528942108154297e+00 4.571165561676025391e+00
4.571165561676025391e+00 4.577801227569580078e+00
4.577801227569580078e+00 4.584435939788818359e+00
4.584435939788818359e+00 4.591069698333740234e+00
4.591069698333740234e+00 4.597702980041503906e+00
4.597702980041503906e+00 4.604302406311035156e+00
4.604302406311035156e+00 4.610934257507324219e+00
4.610934257507324219e+00 4.617532253265380859e+00
4.617532253265380859e+00 4.624161720275878906e+00
4.624161720275878906e+00 4.630790710449218750e+00
4.630790710449218750e+00 4.637418270111083984e+00
4.637418270111083984e+00 4.644045352935791016e+00
4.644045352935791016e+00 4.650671482086181641e+00
4.650671482086181641e+00 4.657296657562255859e+00
4.657296657562255859e+00 4.663920879364013672e+00
4.663920879364013672e+00 4.670512199401855469e+00
4.670512199401855469e+00 4.677102088928222656e+00
4.677102088928222656e+00 4.683723449707031250e+00
4.683723449707031250e+00 4.690344333648681641e+00
4.690344333648681641e+00 4.696964263916015625e+00
4.696964263916015625e+00 4.703582763671875000e+00
4.703582763671875000e+00 4.710200786590576172e+00
4.710200786590576172e+00 4.716817855834960938e+00
4.716817855834960938e+00 4.723433971405029297e+00
4.723433971405029297e+00 4.730016708374023438e+00
4.730016708374023438e+00 4.736598491668701172e+00
4.736598491668701172e+00 4.743211746215820312e+00
4.743211746215820312e+00 4.749824047088623047e+00
4.749824047088623047e+00 4.756435871124267578e+00
4.756435871124267578e+00 4.763046264648437500e+00
4.763046264648437500e+00 4.769655704498291016e+00
4.769655704498291016e+00 4.776264190673828125e+00
4.776264190673828125e+00 4.782839298248291016e+00
4.782839298248291016e+00 4.789413452148437500e+00
4.789413452148437500e+00 4.796019554138183594e+00
4.796019554138183594e+00 4.802624225616455078e+00
4.802624225616455078e+00 4.809227943420410156e+00
4.809227943420410156e+00 4.815830707550048828e+00
4.815830707550048828e+00 4.822432518005371094e+00
4.822432518005371094e+00 4.829033374786376953e+00
4.829033374786376953e+00 4.835600852966308594e+00
4.835600852966308594e+00 4.842166900634765625e+00
4.842166900634765625e+00 4.848764896392822266e+00
4.848764896392822266e+00 4.855361938476562500e+00
4.855361938476562500e+00 4.861958026885986328e+00
4.861958026885986328e+00 4.868552684783935547e+00
4.868552684783935547e+00 4.875146865844726562e+00
4.875146865844726562e+00 4.881739616394042969e+00
4.881739616394042969e+00 4.888298988342285156e+00
4.888298988342285156e+00 4.894856929779052734e+00
4.894856929779052734e+00 4.901446819305419922e+00
4.901446819305419922e+00 4.908035755157470703e+00
4.908035755157470703e+00 4.914623737335205078e+00
4.914623737335205078e+00 4.921210289001464844e+00
4.921210289001464844e+00 4.927795886993408203e+00
4.927795886993408203e+00 4.934348106384277344e+00
4.934348106384277344e+00 4.940898895263671875e+00
4.940898895263671875e+00 4.947481632232666016e+00
4.947481632232666016e+00 4.954062938690185547e+00
4.954062938690185547e+00 4.960643768310546875e+00
4.960643768310546875e+00 4.967223167419433594e+00
4.967223167419433594e+00 4.973801612854003906e+00
4.973801612854003906e+00 4.980345726013183594e+00
4.980345726013183594e+00 4.986889362335205078e+00
4.986889362335205078e+00 4.993464469909667969e+00
4.993464469909667969e+00 5.000038623809814453e+00
5.000038623809814453e+00 5.006611347198486328e+00
5.006611347198486328e+00 5.013183116912841797e+00
5.013183116912841797e+00 5.019721031188964844e+00
5.019721031188964844e+00 5.026257991790771484e+00
5.026257991790771484e+00 5.032826423645019531e+00
5.032826423645019531e+00 5.039393901824951172e+00
5.039393901824951172e+00 5.045960426330566406e+00
5.045960426330566406e+00 5.052525520324707031e+00
5.052525520324707031e+00 5.059056758880615234e+00
5.059056758880615234e+00 5.065586566925048828e+00
5.065586566925048828e+00 5.072148323059082031e+00
5.072148323059082031e+00 5.078709125518798828e+00
5.078709125518798828e+00 5.085268497467041016e+00
5.085268497467041016e+00 5.091826915740966797e+00
5.091826915740966797e+00 5.098351478576660156e+00
5.098351478576660156e+00 5.104907035827636719e+00
5.104907035827636719e+00 5.111462593078613281e+00
5.111462593078613281e+00 5.118016242980957031e+00
5.118016242980957031e+00 5.124568939208984375e+00
5.124568939208984375e+00 5.131119728088378906e+00
5.131119728088378906e+00 5.137637138366699219e+00
5.137637138366699219e+00 5.144186019897460938e+00
5.144186019897460938e+00 5.150733947753906250e+00
5.150733947753906250e+00 5.157280445098876953e+00
5.157280445098876953e+00 5.163825988769531250e+00
5.163825988769531250e+00 5.170370578765869141e+00
